100
10
10
0 0 0 0 0 0 0 0 0 0 0 0 0 0 0 0 0 0 0 0 0 0 0 0 0 0 0 0 0 0 0 0 0 0 0 0 0 0 0 0 0 0 0 0 0 0 0 0 0 0 0 0 0 0 0 0 0 0 0 0 0 0 0 0 0 0 0 0 0 0 0 0 0 0 0 0 0 0 0 0 0 0 0 0 0 0 0 0 0 0 0 0 0 0 0 0 0 0 0 0
0 0 0 0 0 0 0 0 0 0 0 0 0 0 0 0 0 0 0 0 0 0 0 0 0 0 0 0 0 0 0 0 0 0 0 0 0 0 0 0 0 0 0 0 0 0 0 0 0 0 0 0 0 0 0 0 0 0 0 0 0 0 0 0 0 0 0 0 0 0 0 0 0 0 0 0 0 0 0 0 0 0 0 0 0 0 0 0 0 0 71 97 18 7 61 83 37 93 48 49
0 0 0 0 0 0 0 0 0 0 0 0 0 0 0 0 0 0 0 0 0 0 0 0 0 0 0 0 0 0 0 0 0 0 0 0 0 0 0 0 0 0 0 0 0 0 0 0 0 0 0 0 0 0 0 0 0 0 0 0 0 0 0 0 0 0 0 0 0 0 0 0 0 0 0 0 0 0 0 0 84 77 23 56 14 11 46 9 17 59 90 22 25 73 99 64 5 43 79 33
0 0 0 0 0 0 0 0 0 0 0 0 0 0 0 0 0 0 0 0 0 0 0 0 0 0 0 0 0 0 0 0 0 0 0 0 0 0 0 0 0 0 0 0 0 0 0 0 0 0 0 0 0 0 0 0 0 0 0 0 0 0 0 0 0 0 0 0 0 0 94 27 24 32 86 58 19 53 34 26 35 81 91 75 55 12 69 95 13 52 84 77 23 56 14 11 46 9 17 59
0 0 0 0 0 0 0 0 0 0 0 0 0 0 0 0 0 0 0 0 0 0 0 0 0 0 0 0 0 0 0 0 0 0 0 0 0 0 0 0 0 0 0 0 0 0 0 0 0 0 0 0 0 0 0 0 0 0 0 0 76 3 63 100 92 51 40 39 74 88 72 62 30 41 80 8 36 87 44 45 94 27 24 32 86 58 19 53 34 26 35 81 91 75 55 12 69 95 13 52
0 0 0 0 0 0 0 0 0 0 0 0 0 0 0 0 0 0 0 0 0 0 0 0 0 0 0 0 0 0 0 0 0 0 0 0 0 0 0 0 0 0 0 0 0 0 0 0 0 0 2 31 85 98 57 96 60 66 29 70 65 50 42 10 6 1 54 20 16 47 76 3 63 100 92 51 40 39 74 88 72 62 30 41 80 8 36 87 44 45 94 27 24 32 86 58 19 53 34 26
0 0 0 0 0 0 0 0 0 0 0 0 0 0 0 0 0 0 0 0 0 0 0 0 0 0 0 0 0 0 0 0 0 0 0 0 0 0 0 0 71 97 18 7 61 83 37 93 48 49 28 21 82 4 38 15 68 78 67 89 2 31 85 98 57 96 60 66 29 70 65 50 42 10 6 1 54 20 16 47 76 3 63 100 92 51 40 39 74 88 0 0 0 0 0 0 0 0 0 0
0 0 0 0 0 0 0 0 0 0 0 0 0 0 0 0 0 0 0 0 0 0 0 0 0 0 0 0 0 0 84 77 23 56 14 11 46 9 17 59 90 22 25 73 99 64 5 43 79 33 71 97 18 7 61 83 37 93 48 49 28 21 82 4 38 15 68 78 67 89 2 31 85 98 57 96 60 66 29 70 0 0 0 0 0 0 0 0 0 0 76 3 63 100 92 51 40 39 74 88
0 0 0 0 0 0 0 0 0 0 0 0 0 0 0 0 0 0 0 0 94 27 24 32 86 58 19 53 34 26 35 81 91 75 55 12 69 95 13 52 84 77 23 56 14 11 46 9 17 59 90 22 25 73 99 64 5 43 79 33 71 97 18 7 61 83 37 93 48 49 0 0 0 0 0 0 0 0 0 0 0 0 0 0 0 0 0 0 0 0 65 50 42 10 6 1 54 20 16 47
0 0 0 0 0 0 0 0 0 0 76 3 63 100 92 51 40 39 74 88 72 62 30 41 80 8 36 87 44 45 94 27 24 32 86 58 19 53 34 26 35 81 91 75 55 12 69 95 13 52 84 77 23 56 14 11 46 9 17 59 0 0 0 0 0 0 0 0 0 0 71 97 18 7 61 83 37 93 48 49 28 21 82 4 38 15 68 78 67 89 0 0 0 0 0 0 0 0 0 0
0 0 0 0 0 0 0 0 0 29 0 0 0 0 0 0 0 0 0 16 0 0 0 0 0 0 0 0 0 74 0 0 0 0 0 0 0 0 0 44 0 0 0 0 0 0 0 0 0 34 0 0 0 0 0 0 0 0 0 13 0 0 0 0 0 0 0 0 0 17 0 0 0 0 0 0 0 0 0 79 0 0 0 0 0 0 0 0 0 48 0 0 0 0 0 0 0 0 0 0
0 0 0 0 0 0 0 0 0 67 0 0 0 0 0 0 0 0 0 29 0 0 0 0 0 0 0 0 0 16 0 0 0 0 0 0 0 0 0 74 0 0 0 0 0 0 0 0 0 44 0 0 0 0 0 0 0 0 0 34 0 0 0 0 0 0 0 0 0 13 0 0 0 0 0 0 0 0 0 17 0 0 0 0 0 0 0 0 0 0 33 71 97 18 7 61 83 37 93 0
0 0 0 0 0 0 0 0 0 48 0 0 0 0 0 0 0 0 0 67 0 0 0 0 0 0 0 0 0 29 0 0 0 0 0 0 0 0 0 16 0 0 0 0 0 0 0 0 0 74 0 0 0 0 0 0 0 0 0 44 0 0 0 0 0 0 0 0 0 34 0 0 0 0 0 0 0 0 0 0 52 84 77 23 56 14 11 46 9 17 59 90 22 25 73 99 64 5 43 0
0 0 0 0 0 0 0 0 0 79 0 0 0 0 0 0 0 0 0 48 0 0 0 0 0 0 0 0 0 67 0 0 0 0 0 0 0 0 0 29 0 0 0 0 0 0 0 0 0 16 0 0 0 0 0 0 0 0 0 74 0 0 0 0 0 0 0 0 0 0 45 94 27 24 32 86 58 19 53 34 26 35 81 91 75 55 12 69 95 13 52 84 77 23 56 14 11 46 9 0
0 0 0 0 0 0 0 0 0 17 0 0 0 0 0 0 0 0 0 79 0 0 0 0 0 0 0 0 0 48 0 0 0 0 0 0 0 0 0 67 0 0 0 0 0 0 0 0 0 29 0 0 0 0 0 0 0 0 0 0 47 76 3 63 100 92 51 40 39 74 88 72 62 30 41 80 8 36 87 44 45 94 27 24 32 86 58 19 53 34 26 35 81 91 75 55 12 69 95 0
0 0 0 0 0 0 0 0 0 13 0 0 0 0 0 0 0 0 0 17 0 0 0 0 0 0 0 0 0 79 0 0 0 0 0 0 0 0 0 48 0 0 0 0 0 0 0 0 0 0 89 2 31 85 98 57 96 60 66 29 70 65 50 42 10 6 1 54 20 16 47 76 3 63 100 92 51 40 39 74 88 72 62 30 41 80 8 36 87 44 45 94 27 24 32 86 58 19 53 34
0 0 0 0 0 0 0 0 0 34 0 0 0 0 0 0 0 0 0 13 0 0 0 0 0 0 0 0 0 17 0 0 0 0 0 0 0 0 0 0 33 71 97 18 7 61 83 37 93 48 49 28 21 82 4 38 15 68 78 67 89 2 31 85 98 57 96 60 66 29 70 65 50 42 10 6 1 54 20 16 47 76 3 63 100 92 51 40 39 74 0 0 0 0 0 0 0 0 0 44
0 0 0 0 0 0 0 0 0 44 0 0 0 0 0 0 0 0 0 34 0 0 0 0 0 0 0 0 0 0 52 84 77 23 56 14 11 46 9 17 59 90 22 25 73 99 64 5 43 79 33 71 97 18 7 61 83 37 93 48 49 28 21 82 4 38 15 68 78 67 89 2 31 85 98 57 96 60 66 29 0 0 0 0 0 0 0 0 0 16 47 76 3 63 100 92 51 40 39 74
0 0 0 0 0 0 0 0 0 74 0 0 0 0 0 0 0 0 0 0 45 94 27 24 32 86 58 19 53 34 26 35 81 91 75 55 12 69 95 13 52 84 77 23 56 14 11 46 9 17 59 90 22 25 73 99 64 5 43 79 33 71 97 18 7 61 83 37 93 48 0 0 0 0 0 0 0 0 0 0 0 0 0 0 0 0 0 0 0 0 70 65 50 42 10 6 1 54 20 16
0 0 0 0 0 0 0 0 0 16 47 76 3 63 100 92 51 40 39 74 88 72 62 30 41 80 8 36 87 44 45 94 27 24 32 86 58 19 53 34 26 35 81 91 75 55 12 69 95 13 52 84 77 23 56 14 11 46 9 0 0 0 0 0 0 0 0 0 0 79 33 71 97 18 7 61 83 37 93 48 49 28 21 82 4 38 15 68 78 67 0 0 0 0 0 0 0 0 0 29
0 0 0 0 0 0 0 0 60 66 0 0 0 0 0 0 0 0 54 20 0 0 0 0 0 0 0 0 40 39 0 0 0 0 0 0 0 0 36 87 0 0 0 0 0 0 0 0 19 53 0 0 0 0 0 0 0 0 69 95 0 0 0 0 0 0 0 0 46 9 0 0 0 0 0 0 0 0 5 43 0 0 0 0 0 0 0 0 37 93 0 0 0 0 0 0 0 0 0 78
0 0 0 0 0 0 0 0 68 78 0 0 0 0 0 0 0 0 60 66 0 0 0 0 0 0 0 0 54 20 0 0 0 0 0 0 0 0 40 39 0 0 0 0 0 0 0 0 36 87 0 0 0 0 0 0 0 0 19 53 0 0 0 0 0 0 0 0 69 95 0 0 0 0 0 0 0 0 46 9 0 0 0 0 0 0 0 0 0 0 79 33 71 97 18 7 61 83 0 93
0 0 0 0 0 0 0 0 37 93 0 0 0 0 0 0 0 0 68 78 0 0 0 0 0 0 0 0 60 66 0 0 0 0 0 0 0 0 54 20 0 0 0 0 0 0 0 0 40 39 0 0 0 0 0 0 0 0 36 87 0 0 0 0 0 0 0 0 19 53 0 0 0 0 0 0 0 0 0 0 13 52 84 77 23 56 14 11 46 9 17 59 90 22 25 73 99 64 0 43
0 0 0 0 0 0 0 0 5 43 0 0 0 0 0 0 0 0 37 93 0 0 0 0 0 0 0 0 68 78 0 0 0 0 0 0 0 0 60 66 0 0 0 0 0 0 0 0 54 20 0 0 0 0 0 0 0 0 40 39 0 0 0 0 0 0 0 0 0 0 44 45 94 27 24 32 86 58 19 53 34 26 35 81 91 75 55 12 69 95 13 52 84 77 23 56 14 11 0 9
0 0 0 0 0 0 0 0 46 9 0 0 0 0 0 0 0 0 5 43 0 0 0 0 0 0 0 0 37 93 0 0 0 0 0 0 0 0 68 78 0 0 0 0 0 0 0 0 60 66 0 0 0 0 0 0 0 0 0 0 16 47 76 3 63 100 92 51 40 39 74 88 72 62 30 41 80 8 36 87 44 45 94 27 24 32 86 58 19 53 34 26 35 81 91 75 55 12 0 95
0 0 0 0 0 0 0 0 69 95 0 0 0 0 0 0 0 0 46 9 0 0 0 0 0 0 0 0 5 43 0 0 0 0 0 0 0 0 37 93 0 0 0 0 0 0 0 0 0 0 67 89 2 31 85 98 57 96 60 66 29 70 65 50 42 10 6 1 54 20 16 47 76 3 63 100 92 51 40 39 74 88 72 62 30 41 80 8 36 87 44 45 94 27 24 32 86 58 19 53
0 0 0 0 0 0 0 0 19 53 0 0 0 0 0 0 0 0 69 95 0 0 0 0 0 0 0 0 46 9 0 0 0 0 0 0 0 0 0 0 79 33 71 97 18 7 61 83 37 93 48 49 28 21 82 4 38 15 68 78 67 89 2 31 85 98 57 96 60 66 29 70 65 50 42 10 6 1 54 20 16 47 76 3 63 100 92 51 40 39 0 0 0 0 0 0 0 0 36 0
0 0 0 0 0 0 0 0 36 87 0 0 0 0 0 0 0 0 19 53 0 0 0 0 0 0 0 0 0 0 13 52 84 77 23 56 14 11 46 9 17 59 90 22 25 73 99 64 5 43 79 33 71 97 18 7 61 83 37 93 48 49 28 21 82 4 38 15 68 78 67 89 2 31 85 98 57 96 60 66 0 0 0 0 0 0 0 0 54 20 16 47 76 3 63 100 92 51 40 0
0 0 0 0 0 0 0 0 40 39 0 0 0 0 0 0 0 0 0 0 44 45 94 27 24 32 86 58 19 53 34 26 35 81 91 75 55 12 69 95 13 52 84 77 23 56 14 11 46 9 17 59 90 22 25 73 99 64 5 43 79 33 71 97 18 7 61 83 37 93 0 0 0 0 0 0 0 0 0 0 0 0 0 0 0 0 0 0 0 0 29 70 65 50 42 10 6 1 54 20
0 0 0 0 0 0 0 0 54 20 16 47 76 3 63 100 92 51 40 39 74 88 72 62 30 41 80 8 36 87 44 45 94 27 24 32 86 58 19 53 34 26 35 81 91 75 55 12 69 95 13 52 84 77 23 56 14 11 0 0 0 0 0 0 0 0 0 0 5 43 79 33 71 97 18 7 61 83 37 93 48 49 28 21 82 4 38 15 68 78 0 0 0 0 0 0 0 0 60 66
0 0 0 0 0 0 0 57 96 60 0 0 0 0 0 0 0 6 1 54 0 0 0 0 0 0 0 92 51 40 0 0 0 0 0 0 0 80 8 36 0 0 0 0 0 0 0 86 58 19 0 0 0 0 0 0 0 55 12 69 0 0 0 0 0 0 0 14 11 46 0 0 0 0 0 0 0 99 64 5 0 0 0 0 0 0 0 61 83 37 0 0 0 0 0 0 0 0 0 68
0 0 0 0 0 0 0 38 15 68 0 0 0 0 0 0 0 57 96 60 0 0 0 0 0 0 0 6 1 54 0 0 0 0 0 0 0 92 51 40 0 0 0 0 0 0 0 80 8 36 0 0 0 0 0 0 0 86 58 19 0 0 0 0 0 0 0 55 12 69 0 0 0 0 0 0 0 14 11 46 0 0 0 0 0 0 0 0 0 0 43 79 33 71 97 18 7 0 0 37
0 0 0 0 0 0 0 61 83 37 0 0 0 0 0 0 0 38 15 68 0 0 0 0 0 0 0 57 96 60 0 0 0 0 0 0 0 6 1 54 0 0 0 0 0 0 0 92 51 40 0 0 0 0 0 0 0 80 8 36 0 0 0 0 0 0 0 86 58 19 0 0 0 0 0 0 0 0 0 0 95 13 52 84 77 23 56 14 11 46 9 17 59 90 22 25 73 0 0 5
0 0 0 0 0 0 0 99 64 5 0 0 0 0 0 0 0 61 83 37 0 0 0 0 0 0 0 38 15 68 0 0 0 0 0 0 0 57 96 60 0 0 0 0 0 0 0 6 1 54 0 0 0 0 0 0 0 92 51 40 0 0 0 0 0 0 0 0 0 0 87 44 45 94 27 24 32 86 58 19 53 34 26 35 81 91 75 55 12 69 95 13 52 84 77 23 56 0 0 46
0 0 0 0 0 0 0 14 11 46 0 0 0 0 0 0 0 99 64 5 0 0 0 0 0 0 0 61 83 37 0 0 0 0 0 0 0 38 15 68 0 0 0 0 0 0 0 57 96 60 0 0 0 0 0 0 0 0 0 0 20 16 47 76 3 63 100 92 51 40 39 74 88 72 62 30 41 80 8 36 87 44 45 94 27 24 32 86 58 19 53 34 26 35 81 91 75 0 0 69
0 0 0 0 0 0 0 55 12 69 0 0 0 0 0 0 0 14 11 46 0 0 0 0 0 0 0 99 64 5 0 0 0 0 0 0 0 61 83 37 0 0 0 0 0 0 0 0 0 0 78 67 89 2 31 85 98 57 96 60 66 29 70 65 50 42 10 6 1 54 20 16 47 76 3 63 100 92 51 40 39 74 88 72 62 30 41 80 8 36 87 44 45 94 27 24 32 86 58 19
0 0 0 0 0 0 0 86 58 19 0 0 0 0 0 0 0 55 12 69 0 0 0 0 0 0 0 14 11 46 0 0 0 0 0 0 0 0 0 0 43 79 33 71 97 18 7 61 83 37 93 48 49 28 21 82 4 38 15 68 78 67 89 2 31 85 98 57 96 60 66 29 70 65 50 42 10 6 1 54 20 16 47 76 3 63 100 92 51 40 0 0 0 0 0 0 0 80 8 36
0 0 0 0 0 0 0 80 8 36 0 0 0 0 0 0 0 86 58 19 0 0 0 0 0 0 0 0 0 0 95 13 52 84 77 23 56 14 11 46 9 17 59 90 22 25 73 99 64 5 43 79 33 71 97 18 7 61 83 37 93 48 49 28 21 82 4 38 15 68 78 67 89 2 31 85 98 57 96 60 0 0 0 0 0 0 0 6 1 54 20 16 47 76 3 63 100 92 51 40
0 0 0 0 0 0 0 92 51 40 0 0 0 0 0 0 0 0 0 0 87 44 45 94 27 24 32 86 58 19 53 34 26 35 81 91 75 55 12 69 95 13 52 84 77 23 56 14 11 46 9 17 59 90 22 25 73 99 64 5 43 79 33 71 97 18 7 61 83 37 0 0 0 0 0 0 0 0 0 0 0 0 0 0 0 0 0 0 0 0 66 29 70 65 50 42 10 6 1 54
0 0 0 0 0 0 0 6 1 54 20 16 47 76 3 63 100 92 51 40 39 74 88 72 62 30 41 80 8 36 87 44 45 94 27 24 32 86 58 19 53 34 26 35 81 91 75 55 12 69 95 13 52 84 77 23 56 0 0 0 0 0 0 0 0 0 0 99 64 5 43 79 33 71 97 18 7 61 83 37 93 48 49 28 21 82 4 38 15 68 0 0 0 0 0 0 0 57 96 60
0 0 0 0 0 0 85 98 57 96 0 0 0 0 0 0 42 10 6 1 0 0 0 0 0 0 63 100 92 51 0 0 0 0 0 0 30 41 80 8 0 0 0 0 0 0 24 32 86 58 0 0 0 0 0 0 91 75 55 12 0 0 0 0 0 0 23 56 14 11 0 0 0 0 0 0 25 73 99 64 0 0 0 0 0 0 18 7 61 83 0 0 0 0 0 0 0 0 38 15
0 0 0 0 0 0 82 4 38 15 0 0 0 0 0 0 85 98 57 96 0 0 0 0 0 0 42 10 6 1 0 0 0 0 0 0 63 100 92 51 0 0 0 0 0 0 30 41 80 8 0 0 0 0 0 0 24 32 86 58 0 0 0 0 0 0 91 75 55 12 0 0 0 0 0 0 23 56 14 11 0 0 0 0 0 0 0 0 0 0 5 43 79 33 71 97 0 0 61 83
0 0 0 0 0 0 18 7 61 83 0 0 0 0 0 0 82 4 38 15 0 0 0 0 0 0 85 98 57 96 0 0 0 0 0 0 42 10 6 1 0 0 0 0 0 0 63 100 92 51 0 0 0 0 0 0 30 41 80 8 0 0 0 0 0 0 24 32 86 58 0 0 0 0 0 0 0 0 0 0 69 95 13 52 84 77 23 56 14 11 46 9 17 59 90 22 0 0 99 64
0 0 0 0 0 0 25 73 99 64 0 0 0 0 0 0 18 7 61 83 0 0 0 0 0 0 82 4 38 15 0 0 0 0 0 0 85 98 57 96 0 0 0 0 0 0 42 10 6 1 0 0 0 0 0 0 63 100 92 51 0 0 0 0 0 0 0 0 0 0 36 87 44 45 94 27 24 32 86 58 19 53 34 26 35 81 91 75 55 12 69 95 13 52 84 77 0 0 14 11
0 0 0 0 0 0 23 56 14 11 0 0 0 0 0 0 25 73 99 64 0 0 0 0 0 0 18 7 61 83 0 0 0 0 0 0 82 4 38 15 0 0 0 0 0 0 85 98 57 96 0 0 0 0 0 0 0 0 0 0 54 20 16 47 76 3 63 100 92 51 40 39 74 88 72 62 30 41 80 8 36 87 44 45 94 27 24 32 86 58 19 53 34 26 35 81 0 0 55 12
0 0 0 0 0 0 91 75 55 12 0 0 0 0 0 0 23 56 14 11 0 0 0 0 0 0 25 73 99 64 0 0 0 0 0 0 18 7 61 83 0 0 0 0 0 0 0 0 0 0 68 78 67 89 2 31 85 98 57 96 60 66 29 70 65 50 42 10 6 1 54 20 16 47 76 3 63 100 92 51 40 39 74 88 72 62 30 41 80 8 36 87 44 45 94 27 24 32 86 58
0 0 0 0 0 0 24 32 86 58 0 0 0 0 0 0 91 75 55 12 0 0 0 0 0 0 23 56 14 11 0 0 0 0 0 0 0 0 0 0 5 43 79 33 71 97 18 7 61 83 37 93 48 49 28 21 82 4 38 15 68 78 67 89 2 31 85 98 57 96 60 66 29 70 65 50 42 10 6 1 54 20 16 47 76 3 63 100 92 51 0 0 0 0 0 0 30 41 0 8
0 0 0 0 0 0 30 41 80 8 0 0 0 0 0 0 24 32 86 58 0 0 0 0 0 0 0 0 0 0 69 95 13 52 84 77 23 56 14 11 46 9 17 59 90 22 25 73 99 64 5 43 79 33 71 97 18 7 61 83 37 93 48 49 28 21 82 4 38 15 68 78 67 89 2 31 85 98 57 96 0 0 0 0 0 0 42 10 6 1 54 20 16 47 76 3 63 100 0 51
0 0 0 0 0 0 63 100 92 51 0 0 0 0 0 0 0 0 0 0 36 87 44 45 94 27 24 32 86 58 19 53 34 26 35 81 91 75 55 12 69 95 13 52 84 77 23 56 14 11 46 9 17 59 90 22 25 73 99 64 5 43 79 33 71 97 18 7 61 83 0 0 0 0 0 0 0 0 0 0 0 0 0 0 0 0 0 0 0 0 60 66 29 70 65 50 42 10 6 1
0 0 0 0 0 0 42 10 6 1 54 20 16 47 76 3 63 100 92 51 40 39 74 88 72 62 30 41 80 8 36 87 44 45 94 27 24 32 86 58 19 53 34 26 35 81 91 75 55 12 69 95 13 52 84 77 0 0 0 0 0 0 0 0 0 0 25 73 99 64 5 43 79 33 71 97 18 7 61 83 37 93 48 49 28 21 82 4 38 15 0 0 0 0 0 0 85 98 57 96
0 0 0 0 0 2 31 85 98 57 0 0 0 0 0 65 50 42 10 6 0 0 0 0 0 76 3 63 100 92 0 0 0 0 0 72 62 30 41 80 0 0 0 0 0 94 27 24 32 86 0 0 0 0 0 35 81 91 75 55 0 0 0 0 0 84 77 23 56 14 0 0 0 0 0 90 22 25 73 99 0 0 0 0 0 71 97 18 7 61 0 0 0 0 0 0 0 0 4 38
0 0 0 0 0 28 21 82 4 38 0 0 0 0 0 2 31 85 98 57 0 0 0 0 0 65 50 42 10 6 0 0 0 0 0 76 3 63 100 92 0 0 0 0 0 72 62 30 41 80 0 0 0 0 0 94 27 24 32 86 0 0 0 0 0 35 81 91 75 55 0 0 0 0 0 84 77 23 56 14 0 0 0 0 0 0 0 0 0 0 64 5 43 79 33 0 0 0 7 61
0 0 0 0 0 71 97 18 7 61 0 0 0 0 0 28 21 82 4 38 0 0 0 0 0 2 31 85 98 57 0 0 0 0 0 65 50 42 10 6 0 0 0 0 0 76 3 63 100 92 0 0 0 0 0 72 62 30 41 80 0 0 0 0 0 94 27 24 32 86 0 0 0 0 0 0 0 0 0 0 12 69 95 13 52 84 77 23 56 14 11 46 9 17 59 0 0 0 73 99
0 0 0 0 0 90 22 25 73 99 0 0 0 0 0 71 97 18 7 61 0 0 0 0 0 28 21 82 4 38 0 0 0 0 0 2 31 85 98 57 0 0 0 0 0 65 50 42 10 6 0 0 0 0 0 76 3 63 100 92 0 0 0 0 0 0 0 0 0 0 8 36 87 44 45 94 27 24 32 86 58 19 53 34 26 35 81 91 75 55 12 69 95 13 52 0 0 0 56 14
0 0 0 0 0 84 77 23 56 14 0 0 0 0 0 90 22 25 73 99 0 0 0 0 0 71 97 18 7 61 0 0 0 0 0 28 21 82 4 38 0 0 0 0 0 2 31 85 98 57 0 0 0 0 0 0 0 0 0 0 1 54 20 16 47 76 3 63 100 92 51 40 39 74 88 72 62 30 41 80 8 36 87 44 45 94 27 24 32 86 58 19 53 34 26 0 0 0 75 55
0 0 0 0 0 35 81 91 75 55 0 0 0 0 0 84 77 23 56 14 0 0 0 0 0 90 22 25 73 99 0 0 0 0 0 71 97 18 7 61 0 0 0 0 0 0 0 0 0 0 15 68 78 67 89 2 31 85 98 57 96 60 66 29 70 65 50 42 10 6 1 54 20 16 47 76 3 63 100 92 51 40 39 74 88 72 62 30 41 80 8 36 87 44 45 94 27 24 32 86
0 0 0 0 0 94 27 24 32 86 0 0 0 0 0 35 81 91 75 55 0 0 0 0 0 84 77 23 56 14 0 0 0 0 0 0 0 0 0 0 64 5 43 79 33 71 97 18 7 61 83 37 93 48 49 28 21 82 4 38 15 68 78 67 89 2 31 85 98 57 96 60 66 29 70 65 50 42 10 6 1 54 20 16 47 76 3 63 100 92 0 0 0 0 0 72 62 30 0 80
0 0 0 0 0 72 62 30 41 80 0 0 0 0 0 94 27 24 32 86 0 0 0 0 0 0 0 0 0 0 12 69 95 13 52 84 77 23 56 14 11 46 9 17 59 90 22 25 73 99 64 5 43 79 33 71 97 18 7 61 83 37 93 48 49 28 21 82 4 38 15 68 78 67 89 2 31 85 98 57 0 0 0 0 0 65 50 42 10 6 1 54 20 16 47 76 3 63 0 92
0 0 0 0 0 76 3 63 100 92 0 0 0 0 0 0 0 0 0 0 8 36 87 44 45 94 27 24 32 86 58 19 53 34 26 35 81 91 75 55 12 69 95 13 52 84 77 23 56 14 11 46 9 17 59 90 22 25 73 99 64 5 43 79 33 71 97 18 7 61 0 0 0 0 0 0 0 0 0 0 0 0 0 0 0 0 0 0 0 0 96 60 66 29 70 65 50 42 10 6
0 0 0 0 0 65 50 42 10 6 1 54 20 16 47 76 3 63 100 92 51 40 39 74 88 72 62 30 41 80 8 36 87 44 45 94 27 24 32 86 58 19 53 34 26 35 81 91 75 55 12 69 95 13 52 0 0 0 0 0 0 0 0 0 0 90 22 25 73 99 64 5 43 79 33 71 97 18 7 61 83 37 93 48 49 28 21 82 4 38 0 0 0 0 0 2 31 85 98 57
0 0 0 0 67 89 2 31 85 0 0 0 0 0 29 70 65 50 42 0 0 0 0 0 16 47 76 3 63 0 0 0 0 0 74 88 72 62 30 0 0 0 0 0 44 45 94 27 24 0 0 0 0 0 34 26 35 81 91 0 0 0 0 0 13 52 84 77 23 0 0 0 0 0 17 59 90 22 25 0 0 0 0 0 79 33 71 97 18 7 0 0 0 0 0 0 0 21 82 4
0 0 0 0 48 49 28 21 82 0 0 0 0 0 67 89 2 31 85 0 0 0 0 0 29 70 65 50 42 0 0 0 0 0 16 47 76 3 63 0 0 0 0 0 74 88 72 62 30 0 0 0 0 0 44 45 94 27 24 0 0 0 0 0 34 26 35 81 91 0 0 0 0 0 13 52 84 77 23 56 0 0 0 0 0 0 0 0 0 0 99 64 5 43 0 0 0 97 18 7
0 0 0 0 79 33 71 97 18 0 0 0 0 0 48 49 28 21 82 0 0 0 0 0 67 89 2 31 85 0 0 0 0 0 29 70 65 50 42 0 0 0 0 0 16 47 76 3 63 0 0 0 0 0 74 88 72 62 30 0 0 0 0 0 44 45 94 27 24 32 0 0 0 0 0 0 0 0 0 0 55 12 69 95 13 52 84 77 23 56 14 11 46 9 0 0 0 22 25 73
0 0 0 0 17 59 90 22 25 0 0 0 0 0 79 33 71 97 18 0 0 0 0 0 48 49 28 21 82 0 0 0 0 0 67 89 2 31 85 0 0 0 0 0 29 70 65 50 42 0 0 0 0 0 16 47 76 3 63 100 0 0 0 0 0 0 0 0 0 0 80 8 36 87 44 45 94 27 24 32 86 58 19 53 34 26 35 81 91 75 55 12 69 95 0 0 0 77 23 56
0 0 0 0 13 52 84 77 23 0 0 0 0 0 17 59 90 22 25 0 0 0 0 0 79 33 71 97 18 0 0 0 0 0 48 49 28 21 82 0 0 0 0 0 67 89 2 31 85 98 0 0 0 0 0 0 0 0 0 0 6 1 54 20 16 47 76 3 63 100 92 51 40 39 74 88 72 62 30 41 80 8 36 87 44 45 94 27 24 32 86 58 19 53 0 0 0 81 91 0
0 0 0 0 34 26 35 81 91 0 0 0 0 0 13 52 84 77 23 0 0 0 0 0 17 59 90 22 25 0 0 0 0 0 79 33 71 97 18 7 0 0 0 0 0 0 0 0 0 0 38 15 68 78 67 89 2 31 85 98 57 96 60 66 29 70 65 50 42 10 6 1 54 20 16 47 76 3 63 100 92 51 40 39 74 88 72 62 30 41 80 8 36 87 44 45 94 27 24 32
0 0 0 0 44 45 94 27 24 0 0 0 0 0 34 26 35 81 91 0 0 0 0 0 13 52 84 77 23 56 0 0 0 0 0 0 0 0 0 0 99 64 5 43 79 33 71 97 18 7 61 83 37 93 48 49 28 21 82 4 38 15 68 78 67 89 2 31 85 98 57 96 60 66 29 70 65 50 42 10 6 1 54 20 16 47 76 3 63 100 0 0 0 0 74 88 72 62 30 41
0 0 0 0 74 88 72 62 30 0 0 0 0 0 44 45 94 27 24 32 0 0 0 0 0 0 0 0 0 0 55 12 69 95 13 52 84 77 23 56 14 11 46 9 17 59 90 22 25 73 99 64 5 43 79 33 71 97 18 7 61 83 37 93 48 49 28 21 82 4 38 15 68 78 67 89 2 31 85 98 0 0 0 0 29 70 65 50 42 10 6 1 54 20 16 47 76 3 63 100
0 0 0 0 16 47 76 3 63 0 0 0 0 0 0 0 0 0 0 0 80 8 36 87 44 45 94 27 24 32 86 58 19 53 34 26 35 81 91 75 55 12 69 95 13 52 84 77 23 56 14 11 46 9 17 59 90 22 25 73 99 64 5 43 79 33 71 97 18 7 0 0 0 0 0 0 0 0 0 0 0 0 0 0 0 0 0 0 0 0 57 96 60 66 29 70 65 50 42 10
0 0 0 0 29 70 65 50 42 0 6 1 54 20 16 47 76 3 63 100 92 51 40 39 74 88 72 62 30 41 80 8 36 87 44 45 94 27 24 32 86 58 19 53 34 26 35 81 91 75 55 12 69 95 13 52 84 77 23 56 0 0 0 0 17 59 90 22 25 0 99 64 5 43 79 33 71 97 18 7 61 83 37 93 48 49 28 21 82 4 0 0 0 0 67 89 2 31 85 0
0 0 0 68 78 67 89 2 0 85 0 0 0 60 66 29 70 65 0 42 0 0 0 54 20 16 47 76 0 63 0 0 0 40 39 74 88 72 0 30 0 0 0 36 87 44 45 94 0 24 0 0 0 19 53 34 26 35 0 91 0 0 0 69 95 13 52 84 0 23 0 0 0 46 9 17 59 90 0 0 0 0 0 5 43 79 33 71 97 18 0 0 0 0 0 0 0 28 21 82
0 0 0 37 93 48 49 28 0 82 0 0 0 68 78 67 89 2 0 85 0 0 0 60 66 29 70 65 0 42 0 0 0 54 20 16 47 76 0 63 0 0 0 40 39 74 88 72 0 30 0 0 0 36 87 44 45 94 0 24 0 0 0 19 53 34 26 35 0 0 0 0 0 69 95 13 52 84 77 23 0 0 0 0 0 0 0 0 0 0 73 99 64 0 0 0 0 71 97 18
0 0 0 5 43 79 33 71 0 18 0 0 0 37 93 48 49 28 0 82 0 0 0 68 78 67 89 2 0 85 0 0 0 60 66 29 70 65 0 42 0 0 0 54 20 16 47 76 0 63 0 0 0 40 39 74 88 72 0 0 0 0 0 36 87 44 45 94 27 24 0 0 0 0 0 0 0 0 0 0 75 55 12 69 95 13 52 84 77 23 56 14 11 0 0 0 0 90 22 25
0 0 0 46 9 17 59 90 0 25 0 0 0 5 43 79 33 71 0 18 0 0 0 37 93 48 49 28 0 82 0 0 0 68 78 67 89 2 0 85 0 0 0 60 66 29 70 65 0 0 0 0 0 54 20 16 47 76 3 63 0 0 0 0 0 0 0 0 0 0 41 80 8 36 87 44 45 94 27 0 32 86 58 19 53 34 26 35 81 91 75 55 12 0 0 0 0 84 77 23
0 0 0 69 95 13 52 84 0 23 0 0 0 46 9 17 59 90 0 25 0 0 0 5 43 79 33 71 0 18 0 0 0 37 93 48 49 28 0 0 0 0 0 68 78 67 89 2 31 85 0 0 0 0 0 0 0 0 0 0 10 6 1 54 20 16 47 76 3 63 100 92 51 40 39 74 88 72 62 30 41 80 8 36 87 44 45 94 27 24 32 86 58 0 0 0 0 35 81 0
0 0 0 19 53 34 26 35 0 91 0 0 0 69 95 13 52 84 0 23 0 0 0 46 9 17 59 90 0 0 0 0 0 5 43 79 33 71 97 18 0 0 0 0 0 0 0 0 0 0 4 38 15 68 78 67 89 2 31 85 98 57 96 60 66 29 70 65 50 42 10 6 1 54 20 16 47 76 3 63 100 92 51 40 39 74 88 72 62 30 41 80 8 36 87 44 45 94 27 24
0 0 0 36 87 44 45 94 0 24 0 0 0 19 53 34 26 35 0 0 0 0 0 69 95 13 52 84 77 23 0 0 0 0 0 0 0 0 0 0 73 99 64 5 43 79 33 71 97 18 7 61 83 37 93 48 49 28 21 82 4 38 15 68 78 67 89 2 31 85 98 57 96 60 66 29 70 65 50 42 10 6 1 54 20 16 47 76 3 63 0 0 0 40 39 74 88 72 62 30
0 0 0 40 39 74 88 72 0 30 0 0 0 36 87 44 45 94 27 24 0 0 0 0 0 0 0 0 0 0 75 55 12 69 95 13 52 84 77 23 56 14 11 46 9 17 59 90 22 25 73 99 64 5 43 79 33 71 97 18 7 61 83 37 93 48 49 28 21 82 4 38 15 68 78 67 89 2 31 85 0 0 0 60 66 29 70 65 50 42 10 6 1 54 20 16 47 76 3 63
0 0 0 54 20 16 47 76 0 63 0 0 0 0 0 0 0 0 0 0 41 80 8 36 87 44 45 94 27 24 32 86 58 19 53 34 26 35 81 91 75 55 12 69 95 13 52 84 77 23 56 14 11 46 9 17 59 90 22 25 73 99 64 5 43 79 33 71 97 18 0 0 0 0 0 0 0 0 0 0 0 0 0 0 0 0 0 0 0 0 98 57 96 60 66 29 70 65 50 42
0 0 0 60 66 29 70 65 0 42 10 6 1 54 20 16 47 76 3 63 100 92 51 40 39 74 88 72 62 30 41 80 8 36 87 44 45 94 27 24 32 86 58 19 53 34 26 35 81 0 75 55 12 69 95 13 52 84 77 0 0 0 11 46 9 17 59 0 0 25 73 99 64 5 43 79 33 71 97 18 7 61 83 37 93 48 49 28 21 82 0 0 0 68 78 67 89 2 31 85
0 0 38 15 68 78 67 0 0 31 0 0 57 96 60 66 29 0 0 50 0 0 6 1 54 20 16 0 0 3 0 0 92 51 40 39 74 0 0 62 0 0 80 8 36 87 44 0 0 27 0 0 86 58 19 53 34 0 0 81 0 0 55 12 69 95 13 0 0 77 0 0 14 11 46 9 17 0 0 22 0 0 99 64 5 43 79 33 71 97 0 0 0 0 0 0 48 49 28 0
0 0 61 83 37 93 48 0 0 21 0 0 38 15 68 78 67 0 0 31 0 0 57 96 60 66 29 0 0 50 0 0 6 1 54 20 16 0 0 3 0 0 92 51 40 39 74 0 0 62 0 0 80 8 36 87 44 0 0 27 0 0 86 58 19 53 34 0 0 81 0 0 55 12 69 95 13 52 84 77 0 0 0 0 0 0 0 0 0 0 25 73 0 0 0 0 79 33 71 0
0 0 99 64 5 43 79 0 0 97 0 0 61 83 37 93 48 0 0 21 0 0 38 15 68 78 67 0 0 31 0 0 57 96 60 66 29 0 0 50 0 0 6 1 54 20 16 0 0 3 0 0 92 51 40 39 74 0 0 62 0 0 80 8 36 87 44 45 94 27 0 0 0 0 0 0 0 0 0 81 91 75 55 12 69 95 13 52 84 77 23 56 0 0 0 0 17 59 90 0
0 0 14 11 46 9 17 0 0 22 0 0 99 64 5 43 79 0 0 97 0 0 61 83 37 93 48 0 0 21 0 0 38 15 68 78 67 0 0 31 0 0 57 96 60 66 29 0 0 50 0 0 6 1 54 20 16 47 76 3 0 0 0 0 0 0 0 0 0 0 30 41 80 8 36 87 44 45 94 27 24 32 86 58 19 53 34 26 35 81 91 75 0 0 0 0 13 52 84 0
0 0 55 12 69 95 13 0 0 77 0 0 14 11 46 9 17 0 0 22 0 0 99 64 5 43 79 0 0 97 0 0 61 83 37 93 48 0 0 21 0 0 38 15 68 78 67 89 2 31 0 0 0 0 0 0 0 0 0 0 42 10 6 1 54 20 16 47 76 3 63 100 92 51 40 39 74 88 72 62 30 41 80 8 36 87 44 45 94 27 24 32 0 0 0 0 34 26 0 0
0 0 86 58 19 53 34 0 0 81 0 0 55 12 69 95 13 0 0 77 0 0 14 11 46 9 17 0 0 22 0 0 99 64 5 43 79 33 71 97 0 0 0 0 0 0 0 0 0 0 82 4 38 15 68 78 67 89 2 31 85 98 57 96 60 66 29 70 65 50 42 10 6 1 54 20 16 47 76 3 63 100 92 51 40 39 74 88 72 62 30 41 80 8 36 87 44 45 94 27
0 0 80 8 36 87 44 0 0 27 0 0 86 58 19 53 34 0 0 81 0 0 55 12 69 95 13 52 84 77 0 0 0 0 0 0 0 0 0 0 25 73 99 64 5 43 79 33 71 97 18 7 61 83 37 93 48 49 28 21 82 4 38 15 68 78 67 89 2 31 85 98 57 96 60 66 29 70 65 50 42 10 6 1 54 20 16 47 76 3 0 0 92 51 40 39 74 88 72 62
0 0 92 51 40 39 74 0 0 62 0 0 80 8 36 87 44 45 94 27 0 0 0 0 0 0 0 0 0 0 91 75 55 12 69 95 13 52 84 77 23 56 14 11 46 9 17 59 90 22 25 73 99 64 5 43 79 33 71 97 18 7 61 83 37 93 48 49 28 21 82 4 38 15 68 78 67 89 2 31 0 0 57 96 60 66 29 70 65 50 42 10 6 1 54 20 16 0 76 3
0 0 6 1 54 20 16 0 0 3 0 0 0 0 0 0 0 0 0 0 30 41 80 8 36 87 44 45 94 27 24 32 86 58 19 53 34 26 35 81 91 75 55 12 69 95 13 52 84 77 23 56 14 11 46 9 17 59 90 22 25 73 99 64 5 43 79 33 71 97 0 0 0 0 0 0 0 0 0 0 0 0 0 0 0 0 0 0 0 0 85 98 57 96 60 66 29 70 65 50
0 0 57 96 60 66 29 0 0 50 42 10 6 1 54 20 16 47 76 3 63 100 92 51 40 39 74 88 72 62 30 41 80 8 36 87 44 45 94 27 24 32 86 58 19 53 34 26 35 81 91 75 55 12 69 95 13 52 84 0 0 0 14 11 46 9 17 0 0 22 25 73 99 64 5 43 79 33 71 97 18 7 61 83 37 93 48 49 28 21 0 0 38 15 68 78 67 89 0 31
0 82 4 38 15 68 0 67 89 0 0 85 98 57 96 60 0 29 70 0 0 42 10 6 1 54 0 16 47 0 0 63 100 92 51 40 0 74 88 0 0 30 41 80 8 36 0 44 45 0 0 24 32 86 58 19 0 34 26 0 0 91 75 55 12 69 0 13 52 0 0 23 56 14 11 46 0 17 59 0 0 25 73 99 64 5 43 79 33 71 0 0 0 0 0 0 93 48 49 28
0 18 7 61 83 37 0 48 49 0 0 82 4 38 15 68 0 67 89 0 0 85 98 57 96 60 0 29 70 0 0 42 10 6 1 54 0 16 47 0 0 63 100 92 51 40 0 74 88 0 0 30 41 80 8 36 0 44 45 0 0 24 32 86 58 19 0 34 26 0 0 91 75 55 12 69 95 13 52 0 0 0 0 0 0 0 0 0 0 0 22 0 0 0 0 0 43 79 33 71
0 25 73 99 64 5 0 79 33 0 0 18 7 61 83 37 0 48 49 0 0 82 4 38 15 68 0 67 89 0 0 85 98 57 96 60 0 29 70 0 0 42 10 6 1 54 0 16 47 0 0 63 100 92 51 40 0 74 88 0 0 30 41 80 8 36 87 44 45 94 0 0 0 0 0 0 0 0 0 35 81 91 75 55 12 69 95 13 52 84 77 0 0 0 0 0 9 17 59 90
0 23 56 14 11 46 0 17 59 0 0 25 73 99 64 5 0 79 33 0 0 18 7 61 83 37 0 48 49 0 0 82 4 38 15 68 0 67 89 0 0 85 98 57 96 60 0 29 70 0 0 42 10 6 1 54 20 16 47 76 0 0 0 0 0 0 0 0 0 0 62 30 41 80 8 36 87 44 45 94 27 24 32 86 58 19 53 34 26 35 81 0 0 0 0 0 95 13 52 84
0 91 75 55 12 69 0 13 52 0 0 23 56 14 11 46 0 17 59 0 0 25 73 99 64 5 0 79 33 0 0 18 7 61 83 37 0 48 49 0 0 82 4 38 15 68 78 67 89 2 0 0 0 0 0 0 0 0 0 0 50 42 10 6 1 54 20 16 47 76 3 63 100 92 51 40 39 74 88 72 62 30 41 80 8 36 87 44 45 94 27 0 0 0 0 0 53 0 0 35
0 24 32 86 58 19 0 34 26 0 0 91 75 55 12 69 0 13 52 0 0 23 56 14 11 46 0 17 59 0 0 25 73 99 64 5 43 79 33 71 0 0 0 0 0 0 0 0 0 0 21 82 4 38 15 68 78 67 89 2 31 85 98 57 96 60 66 29 70 65 50 42 10 6 1 54 20 16 47 76 3 63 100 92 51 40 39 74 88 72 62 30 41 80 8 36 87 44 45 94
0 30 41 80 8 36 0 44 45 0 0 24 32 86 58 19 0 34 26 0 0 91 75 55 12 69 95 13 52 84 0 0 0 0 0 0 0 0 0 0 22 25 73 99 64 5 43 79 33 71 97 18 7 61 83 37 93 48 49 28 21 82 4 38 15 68 78 67 89 2 31 85 98 57 96 60 66 29 70 65 50 42 10 6 1 54 20 16 47 76 0 63 100 92 51 40 39 74 88 0
0 63 100 92 51 40 0 74 88 0 0 30 41 80 8 36 87 44 45 94 0 0 0 0 0 0 0 0 0 0 81 91 75 55 12 69 95 13 52 84 77 23 56 14 11 46 9 17 59 90 22 25 73 99 64 5 43 79 33 71 97 18 7 61 83 37 93 48 49 28 21 82 4 38 15 68 78 67 89 2 0 85 98 57 96 60 66 29 70 65 50 42 10 6 1 54 20 16 47 76
0 42 10 6 1 54 0 16 47 0 0 0 0 0 0 0 0 0 0 0 62 30 41 80 8 36 87 44 45 94 27 24 32 86 58 19 53 34 26 35 81 91 75 55 12 69 95 13 52 84 77 23 56 14 11 46 9 17 59 90 22 25 73 99 64 5 43 79 33 71 0 0 0 0 0 0 0 0 0 0 0 0 0 0 0 0 0 0 0 0 31 85 98 57 96 60 66 29 70 65
0 85 98 57 96 60 0 29 70 0 50 42 10 6 1 54 20 16 47 76 3 63 100 92 51 40 39 74 88 72 62 30 41 80 8 36 87 44 45 94 27 24 32 86 58 19 53 34 26 35 81 91 75 55 12 69 95 13 52 84 0 23 56 14 11 46 0 17 59 0 22 25 73 99 64 5 43 79 33 71 97 18 7 61 83 37 93 48 49 28 0 82 4 38 15 68 78 67 89 2
