16
4
4
0 0 0 0 0 0 0 0 0 0 0 0 0 0 0 0
0 0 0 0 0 0 0 0 0 0 0 0 13 3 16 6
0 0 0 0 0 0 0 0 5 7 9 14 1 11 8 12
0 0 0 0 13 3 16 6 2 15 4 10 0 0 0 0
0 0 0 9 0 0 0 8 0 0 0 16 0 0 0 0
0 0 0 4 0 0 0 9 0 0 0 0 12 13 3 0
0 0 0 16 0 0 0 0 10 5 7 9 14 1 11 8
0 0 0 8 12 13 3 16 6 2 15 0 0 0 7 9
0 0 5 7 0 0 1 11 0 0 13 3 0 0 0 15
0 0 2 15 0 0 5 7 0 0 0 0 8 12 0 3
0 0 13 3 0 0 0 0 4 10 5 7 9 14 1 11
0 0 1 11 8 12 13 3 16 6 0 0 4 10 5 0
0 4 10 0 0 9 14 0 0 8 12 13 0 0 0 2
0 16 6 0 0 4 10 5 0 0 0 0 11 0 0 0
0 8 12 0 0 0 0 0 15 4 10 5 7 9 14 1
0 9 14 0 11 8 12 13 3 16 6 2 0 4 10 5
